"","V1","V2","V3","V4","V5","V6","V7","V8","V9","V10","V11","V12","V13","V14","V15","V16"
"1",1,0.154118297343699,0.138287509775984,0.362223398104453,0.118498959200376,-0.432002011453093,0.250368189481009,-0.257493873935185,0.604110268315826,-0.335517301317539,0.0204787893910351,-0.184264840167681,-0.223482188535926,-0.290258707900341,0.260756992517042,-0.535554258081519
"2",0.154118297343699,1,0.627689860406468,0.532084111098133,0.73824710518553,0.461082667995227,-0.255739841475105,-0.177400123826604,-0.337826235807271,-0.498090643411034,-0.713658506891529,-0.672941335719615,-0.545770353968756,-0.632235430684251,-0.622105075762824,-0.321983297004552
"3",0.138287509775984,0.627689860406468,1,-0.110907338160721,0.510176776901449,0.640619301699768,-0.0492585019495569,-0.109755976136753,-0.0757003700924253,-0.543388222717809,-0.474580254783632,-0.631792812220458,-0.18872663816852,-0.66387782247949,-0.358245482088135,-0.480578546474973
"4",0.362223398104453,0.532084111098133,-0.110907338160721,1,0.567253742586357,0.0387084100198777,-0.33273861921953,-0.0482159881575827,-0.294942573245663,-0.213814973663889,-0.477008364124387,-0.33735854701294,-0.484186106114284,-0.323985129904428,-0.430331201187998,-0.0777766396117156
"5",0.118498959200376,0.73824710518553,0.510176776901449,0.567253742586357,1,0.506699308787411,-0.153291662627537,-0.342920359494659,-0.473044523006645,-0.595506170767534,-0.684989789840078,-0.783122600996093,-0.154665817564265,-0.712725328688007,-0.691586721689209,-0.10233824537482
"6",-0.432002011453093,0.461082667995227,0.640619301699768,0.0387084100198777,0.506699308787411,1,-0.366513560253431,0.417974428817627,-0.542297545923428,-0.287705924591311,-0.634955266272629,-0.568195328758766,-0.238336643078545,-0.52083768376111,-0.649671288973466,-0.0169972346037459
"7",0.250368189481009,-0.255739841475105,-0.0492585019495569,-0.33273861921953,-0.153291662627537,-0.366513560253431,1,-0.269192491115461,0.723694259714172,-0.280292496925573,-0.0335533447187143,-0.209970150978608,0.154887593018025,0.333561738077054,0.463835832469513,-0.0431562418830863
"8",-0.257493873935185,-0.177400123826604,-0.109755976136753,-0.0482159881575827,-0.342920359494659,0.417974428817627,-0.269192491115461,1,0.0144890665284108,0.195318508944097,-0.149984800759917,0.0767779688902379,-0.423416445034018,0.0843761828073135,-0.0187589424860774,0.089612167486561
"9",0.604110268315826,-0.337826235807271,-0.0757003700924253,-0.294942573245663,-0.473044523006645,-0.542297545923428,0.723694259714172,0.0144890665284108,1,-0.137246409874552,0.218183594870052,0.0804462337532351,-0.105096245988108,0.296866666851526,0.710003956677833,-0.370316419630383
"10",-0.335517301317539,-0.498090643411034,-0.543388222717809,-0.213814973663889,-0.595506170767534,-0.287705924591311,-0.280292496925573,0.195318508944097,-0.137246409874552,1,0.658094522336505,0.630048940813767,0.200549102356387,0.311773803398542,0.0298049696231237,0.472683503624347
"11",0.0204787893910351,-0.713658506891529,-0.474580254783632,-0.477008364124387,-0.684989789840078,-0.634955266272629,-0.0335533447187143,-0.149984800759917,0.218183594870052,0.658094522336505,1,0.856656014049671,0.52885126988111,0.360288322584547,0.438291169003293,0.121314764031055
"12",-0.184264840167681,-0.672941335719615,-0.631792812220458,-0.33735854701294,-0.783122600996093,-0.568195328758766,-0.209970150978608,0.0767779688902379,0.0804462337532351,0.630048940813767,0.856656014049671,1,0.349872621216332,0.617029271046952,0.490609383609759,0.0975627383388324
"13",-0.223482188535926,-0.545770353968756,-0.18872663816852,-0.484186106114284,-0.154665817564265,-0.238336643078545,0.154887593018025,-0.423416445034018,-0.105096245988108,0.200549102356387,0.52885126988111,0.349872621216332,1,0.169855666119616,0.172751215773251,0.266655246234158
"14",-0.290258707900341,-0.632235430684251,-0.66387782247949,-0.323985129904428,-0.712725328688007,-0.52083768376111,0.333561738077054,0.0843761828073135,0.296866666851526,0.311773803398542,0.360288322584547,0.617029271046952,0.169855666119616,1,0.727801083521249,0.166576441417514
"15",0.260756992517042,-0.622105075762824,-0.358245482088135,-0.430331201187998,-0.691586721689209,-0.649671288973466,0.463835832469513,-0.0187589424860774,0.710003956677833,0.0298049696231237,0.438291169003293,0.490609383609759,0.172751215773251,0.727801083521249,1,-0.174931920165148
"16",-0.535554258081519,-0.321983297004552,-0.480578546474973,-0.0777766396117156,-0.10233824537482,-0.0169972346037459,-0.0431562418830863,0.089612167486561,-0.370316419630383,0.472683503624347,0.121314764031055,0.0975627383388324,0.266655246234158,0.166576441417514,-0.174931920165148,1
